1001    A       F       90      88      92      90      80      88
1002    B       M       92      90      88      88      90      80
1003    C       M       88      90      92      80      90      88
1004    D       M       90      95      93      99      88      90
1005    E       F       88      98      95      89      87      90

2001    AA      F       90      88      92      90      80      88
2002    BB      F       92      90      88      88      90      80
2003    CC      M       88      90      92      80      90      88
2004    DD      M       98      89      90      89      97      90
2005    EE      M       95      94      90      90      89      97 