请输入职工人数：请输入第1个职工的编号：请输入第1个职工的姓名：请输入第1个职工的电话号码：请输入第1个职工的邮政编码：请输入第1个职工的通信地址：第1个职工的信息（二进制格式）：
编号：00110001
姓名：01101000 01110101 01101001
电话号码：00110001 00110010 00110101 00111000 00110100 00111001 00111000 00111001 00110100
邮政编码：00110010 00110110 00110101 00111000 00111001 00110100
通信地址：01101000 01110101 01100001 01100111 01101111 01101110 01100111

请输入第2个职工的编号：请输入第2个职工的姓名：请输入第2个职工的电话号码：请输入第2个职工的邮政编码：请输入第2个职工的通信地址：第2个职工的信息（二进制格式）：
编号：00110010
姓名：01101000 01101111 01101110 01100111
电话号码：00110001 00110110 00110101 00110100 00111000 00111001 00110101 00110110 00111001
邮政编码：00110000 00110000 00110110 00110101 00110010 00110000
通信地址：01110111 01110101 01110011 01101000 01100001 01101110
